cc_squares <- c(2, 17, 33)
chance_squares <- c(7, 22, 36)
